g,from,0.0,1.0,2.0,3.0,4.0,5.0,6.0,7.0,8.0,9.0,10.0
0.0,0.0,0.2094446873633581,0.17140358548316573,0.11543506777437691,0.03760384783559248,0.17883690424136423,0.12418014866637517,0.038478355924792304,0.07783121993878443,0.021862702229995628,0.00874508089199825,0.016178399650196764
0.0,1.0,0.0007901081715104913,0.9353496025022807,0.02826876710543464,0.002545451583474521,0.022285937703636127,0.006495992441026978,0.00032174508015117944,0.0038853772970155087,3.66545028020331e-05,8.145445067118467e-06,1.2218167600677701e-05
0.0,2.0,0.0,0.7965023847376789,0.13513513513513514,0.00794912559618442,0.04133545310015898,0.01589825119236884,0.0,0.003179650238473768,0.0,0.0,0.0
0.0,3.0,0.0,0.6764705882352942,0.14705882352941177,0.08823529411764706,0.029411764705882353,0.029411764705882353,0.029411764705882353,0.0,0.0,0.0,0.0
0.0,4.0,0.004189944134078212,0.840782122905028,0.040502793296089384,0.004189944134078212,0.09776536312849161,0.002793296089385475,0.0,0.009776536312849162,0.0,0.0,0.0
0.0,5.0,0.0,0.8551724137931035,0.05172413793103448,0.0034482758620689655,0.010344827586206896,0.05517241379310345,0.0,0.02413793103448276,0.0,0.0,0.0
0.0,6.0,0.0,0.75,0.125,0.041666666666666664,0.0,0.041666666666666664,0.041666666666666664,0.0,0.0,0.0,0.0
0.0,7.0,0.0,0.8261964735516373,0.012594458438287154,0.0,0.0327455919395466,0.042821158690176324,0.0,0.08564231738035265,0.0,0.0,0.0
1.0,0.0,0.358695652173913,0.25,0.08695652173913043,0.15217391304347827,0.10869565217391304,0.021739130434782608,0.010869565217391304,0.0,0.010869565217391304,0.0,0.0
1.0,1.0,0.001234393736333498,0.7446568385412993,0.16844184242082247,0.013543062707201806,0.03703181209000494,0.028108908795937082,0.0013049305212668406,0.005219722085067362,0.0004584891020667278,0.0,0.0
1.0,2.0,0.00322234156820623,0.7218045112781954,0.19172932330827067,0.005907626208378088,0.043501611170784105,0.028464017185821696,0.0005370569280343716,0.004296455424274973,0.0005370569280343716,0.0,0.0
1.0,3.0,0.013986013986013986,0.6013986013986014,0.1258741258741259,0.13986013986013987,0.1048951048951049,0.006993006993006993,0.006993006993006993,0.0,0.0,0.0,0.0
1.0,4.0,0.004878048780487805,0.6780487804878049,0.15121951219512195,0.00975609756097561,0.11219512195121951,0.01951219512195122,0.0,0.024390243902439025,0.0,0.0,0.0
1.0,5.0,0.0,0.7324561403508771,0.11842105263157894,0.0,0.02631578947368421,0.10087719298245613,0.0,0.021929824561403508,0.0,0.0,0.0
1.0,6.0,0.0,0.8571428571428571,0.0,0.07142857142857142,0.0,0.0,0.07142857142857142,0.0,0.0,0.0,0.0
1.0,7.0,0.0,0.6785714285714286,0.07142857142857142,0.0,0.14285714285714285,0.03571428571428571,0.0,0.07142857142857142,0.0,0.0,0.0
2.0,0.0,0.35714285714285715,0.14285714285714285,0.23809523809523808,0.09523809523809523,0.11904761904761904,0.011904761904761904,0.011904761904761904,0.023809523809523808,0.0,0.0,0.0
2.0,1.0,0.0011867723000930173,0.6916637264650223,0.19228918754209834,0.017641209866247554,0.035410719440613275,0.05035763543637938,0.0020527953298906244,0.009109279276389647,0.00022452448920678707,3.2074927029541007e-05,3.2074927029541007e-05
2.0,2.0,0.002498611882287618,0.6285397001665741,0.279011660188784,0.012215435868961688,0.03525818989450306,0.03692393114936147,0.001110494169905608,0.003886729594669628,0.000555247084952804,0.0,0.0
2.0,3.0,0.019083969465648856,0.5877862595419847,0.1297709923664122,0.14885496183206107,0.08396946564885496,0.015267175572519083,0.003816793893129771,0.011450381679389313,0.0,0.0,0.0
2.0,4.0,0.00510204081632653,0.673469387755102,0.15816326530612246,0.01020408163265306,0.10714285714285714,0.030612244897959183,0.00510204081632653,0.01020408163265306,0.0,0.0,0.0
2.0,5.0,0.0,0.7440758293838863,0.08649289099526067,0.002369668246445498,0.017772511848341232,0.11966824644549763,0.0,0.02962085308056872,0.0,0.0,0.0
2.0,6.0,0.0,0.625,0.05,0.05,0.05,0.15,0.075,0.0,0.0,0.0,0.0
2.0,7.0,0.0,0.7211538461538461,0.09615384615384616,0.0,0.04807692307692308,0.125,0.0,0.009615384615384616,0.0,0.0,0.0
3.0,0.0,0.1958762886597938,0.2268041237113402,0.17525773195876287,0.21649484536082475,0.12371134020618557,0.030927835051546393,0.030927835051546393,0.0,0.0,0.0,0.0
3.0,1.0,0.0017928619079386257,0.578552368245497,0.28222981987991996,0.03031187458305537,0.03856737825216811,0.05662108072048032,0.004127751834556371,0.006754503002001334,0.0009172781854569713,8.338892595063375e-05,4.1694462975316875e-05
3.0,2.0,0.002361111111111111,0.54,0.3472222222222222,0.018194444444444444,0.03944444444444444,0.04402777777777778,0.0016666666666666668,0.0059722222222222225,0.0011111111111111111,0.0,0.0
3.0,3.0,0.013043478260869565,0.508695652173913,0.1608695652173913,0.21014492753623187,0.07681159420289856,0.011594202898550725,0.013043478260869565,0.002898550724637681,0.0,0.0,0.002898550724637681
3.0,4.0,0.0,0.6010928961748634,0.25136612021857924,0.0273224043715847,0.08196721311475409,0.02185792349726776,0.00546448087431694,0.01092896174863388,0.0,0.0,0.0
3.0,5.0,0.0012690355329949238,0.6408629441624365,0.18401015228426396,0.008883248730964468,0.02284263959390863,0.12055837563451777,0.0038071065989847717,0.015228426395939087,0.0025380710659898475,0.0,0.0
3.0,6.0,0.0,0.6382978723404256,0.02127659574468085,0.06382978723404255,0.10638297872340426,0.0851063829787234,0.0851063829787234,0.0,0.0,0.0,0.0
3.0,7.0,0.0,0.6829268292682927,0.0975609756097561,0.0,0.14634146341463414,0.07317073170731707,0.0,0.0,0.0,0.0,0.0
3.0,8.0,0.0,1.0,0.0,0.0,0.0,0.0,0.0,0.0,0.0,0.0,0.0
4.0,0.0,0.22826086956521738,0.18478260869565216,0.2608695652173913,0.08695652173913043,0.09782608695652174,0.06521739130434782,0.021739130434782608,0.0,0.010869565217391304,0.043478260869565216,0.0
4.0,1.0,0.0013192612137203166,0.5244290783368211,0.297061231917023,0.03712128104813029,0.03552906923846784,0.08525156946592667,0.0061868801746883815,0.01123646619961787,0.001455736511691384,0.00027295059594213445,0.00013647529797106722
4.0,2.0,0.00477926285945727,0.44382341028756583,0.43183475091130014,0.020899149453219926,0.033697853381936003,0.05856622114216282,0.001863102470635885,0.0038072093965168083,0.0007290400972053463,0.0,0.0
4.0,3.0,0.005271084337349397,0.3817771084337349,0.2055722891566265,0.2838855421686747,0.08358433734939759,0.01355421686746988,0.022590361445783132,0.0030120481927710845,0.0007530120481927711,0.0,0.0
4.0,4.0,0.0,0.5308641975308642,0.19135802469135801,0.05555555555555555,0.09876543209876543,0.09876543209876543,0.0,0.012345679012345678,0.006172839506172839,0.006172839506172839,0.0
4.0,5.0,0.002482929857231533,0.5685909373060211,0.21104903786468032,0.006828057107386716,0.01738050900062073,0.15083798882681565,0.00931098696461825,0.027312228429546864,0.006207324643078833,0.0,0.0
4.0,6.0,0.0,0.5,0.14754098360655737,0.11475409836065574,0.05737704918032787,0.10655737704918032,0.07377049180327869,0.0,0.0,0.0,0.0
4.0,7.0,0.0,0.6829268292682927,0.0975609756097561,0.0,0.04878048780487805,0.12195121951219512,0.024390243902439025,0.024390243902439025,0.0,0.0,0.0
4.0,8.0,0.0,0.6666666666666666,0.0,0.0,0.0,0.16666666666666666,0.0,0.16666666666666666,0.0,0.0,0.0
5.0,0.0,0.2,0.12,0.36,0.18,0.09,0.0,0.03,0.01,0.0,0.0,0.01
5.0,1.0,0.0017316572601334017,0.4370831195484864,0.36614930733709594,0.04643406875320677,0.033286300667008724,0.09626731657260133,0.008081067213955875,0.008850692662904053,0.0019240636223704464,0.00012827090815802975,6.413545407901488e-05
5.0,2.0,0.004764647363736321,0.35687732342007433,0.4879836640661815,0.031572333630032985,0.03853604900780146,0.07068432902246191,0.003508037070003665,0.005340593748363789,0.000628305146866328,5.2358762238860676e-05,5.2358762238860676e-05
5.0,3.0,0.007606084867894315,0.311048839071257,0.18494795836669337,0.34147317854283427,0.10048038430744596,0.018014411529223378,0.02802241793434748,0.006405124099279423,0.00040032025620496394,0.0016012810248198558,0.0
5.0,4.0,0.0,0.5319148936170213,0.2127659574468085,0.02127659574468085,0.0851063829787234,0.11702127659574468,0.0,0.031914893617021274,0.0,0.0,0.0
5.0,5.0,0.0021447721179624667,0.48900804289544236,0.285254691689008,0.016621983914209115,0.023056300268096516,0.1581769436997319,0.00804289544235925,0.0160857908847185,0.0016085790884718498,0.0,0.0
5.0,6.0,0.0,0.4444444444444444,0.18518518518518517,0.14814814814814814,0.07407407407407407,0.05925925925925926,0.06666666666666667,0.022222222222222223,0.0,0.0,0.0
5.0,7.0,0.0,0.5806451612903226,0.16129032258064516,0.0,0.0,0.12903225806451613,0.06451612903225806,0.06451612903225806,0.0,0.0,0.0
5.0,8.0,0.0,0.23076923076923078,0.15384615384615385,0.0,0.0,0.46153846153846156,0.0,0.07692307692307693,0.07692307692307693,0.0,0.0
5.0,10.0,0.0,0.0,0.0,0.0,0.0,0.0,1.0,0.0,0.0,0.0,0.0
6.0,0.0,0.21052631578947367,0.2,0.23157894736842105,0.14736842105263157,0.042105263157894736,0.06315789473684211,0.021052631578947368,0.07368421052631578,0.0,0.010526315789473684,0.0
6.0,1.0,0.0010983238622797383,0.5692660331407288,0.23422950193400507,0.030084523184184135,0.03352275440523375,0.09316651544816389,0.007162981710520032,0.029320471801728667,0.0018146220333317416,0.00023876605701733441,9.550642280693377e-05
6.0,2.0,0.0033165352974113796,0.2980574578972305,0.5220743420769264,0.036223456949648965,0.038506266959555495,0.09049403454365336,0.003876469828143171,0.0056854890812766505,0.0016367317052160056,4.307188697936857e-05,8.614377395873714e-05
6.0,3.0,0.006573050492978787,0.23543471765760382,0.19988048999103675,0.38751120406334033,0.10277860770839557,0.02270690170301763,0.038541977890648345,0.005676725425754407,0.0005975500448162533,0.00029877502240812666,0.0
6.0,4.0,0.0,0.7132075471698113,0.06792452830188679,0.026415094339622643,0.07169811320754717,0.045283018867924525,0.0037735849056603774,0.06415094339622641,0.007547169811320755,0.0,0.0
6.0,5.0,0.004393673110720563,0.4206209724663152,0.30521382542472175,0.014352665495020504,0.020503807850029292,0.19888693614528413,0.007908611599297012,0.023432923257176334,0.004100761570005858,0.0,0.0005858230814294083
6.0,6.0,0.0,0.32231404958677684,0.15702479338842976,0.19008264462809918,0.05371900826446281,0.09504132231404959,0.14049586776859505,0.03305785123966942,0.0,0.008264462809917356,0.0
6.0,7.0,0.0,0.7807807807807807,0.03753753753753754,0.0,0.046546546546546545,0.052552552552552555,0.0015015015015015015,0.08108108108108109,0.0,0.0,0.0
6.0,8.0,0.0,0.4375,0.1875,0.0,0.0625,0.3125,0.0,0.0,0.0,0.0,0.0
6.0,9.0,0.0,0.5,0.5,0.0,0.0,0.0,0.0,0.0,0.0,0.0,0.0
7.0,0.0,0.3175355450236967,0.13744075829383887,0.16113744075829384,0.10900473933649289,0.22748815165876776,0.009478672985781991,0.023696682464454975,0.014218009478672985,0.0,0.0,0.0
7.0,1.0,0.0015695630336514314,0.6627636865896535,0.15538674033149172,0.021126318432948266,0.09213335007533903,0.047432194876946256,0.00411225514816675,0.013937719738824711,0.0013184329482672024,9.417378201908589e-05,0.00012556504269211453
7.0,2.0,0.0026942664695252176,0.2294726466239527,0.5697059306719238,0.04517824872679481,0.03722687695087892,0.103104977821587,0.005651388204369969,0.004829965500246427,0.0018399868572367341,0.0001642845408247084,0.0001314276326597667
7.0,3.0,0.0025198681915099825,0.16456677650707502,0.22368676100019383,0.42198100407055633,0.10564062802868773,0.0255863539445629,0.04613297150610583,0.008528784648187633,0.0005815080441946114,0.0007753440589261484,0.0
7.0,4.0,0.010071090047393365,0.7612559241706162,0.057464454976303314,0.011255924170616114,0.1338862559241706,0.013625592417061612,0.0005924170616113745,0.011255924170616114,0.0,0.0005924170616113745,0.0
7.0,5.0,0.0022315893875526904,0.33399454500371933,0.3962310934787999,0.015869080089263576,0.026531118274237542,0.19910736424497893,0.006694768162658071,0.015621125712868833,0.003223406893131664,0.0004959087527894868,0.0
7.0,6.0,0.006024096385542169,0.22289156626506024,0.1716867469879518,0.2891566265060241,0.030120481927710843,0.09036144578313253,0.18373493975903615,0.006024096385542169,0.0,0.0,0.0
7.0,7.0,0.0,0.7660550458715596,0.06880733944954129,0.009174311926605505,0.05504587155963303,0.03211009174311927,0.0045871559633027525,0.06422018348623854,0.0,0.0,0.0
7.0,8.0,0.0,0.32142857142857145,0.25,0.0,0.0,0.17857142857142858,0.17857142857142858,0.0,0.07142857142857142,0.0,0.0
7.0,9.0,0.0,0.0,0.0,1.0,0.0,0.0,0.0,0.0,0.0,0.0,0.0
8.0,0.0,0.14473684210526316,0.21052631578947367,0.2894736842105263,0.11842105263157894,0.11842105263157894,0.07894736842105263,0.0,0.013157894736842105,0.013157894736842105,0.013157894736842105,0.0
8.0,1.0,0.0016697145583207441,0.49566669317007234,0.25665898067901727,0.033473801383477775,0.06456229625506878,0.11695952929951499,0.008825634093981077,0.01852588057565397,0.0029418780313270254,0.0003180408682515703,0.0003975510853144629
8.0,2.0,0.003222763716396793,0.09936854792223444,0.668487659173086,0.08156474348896924,0.04950741497668081,0.0845909972226589,0.008030707959964366,0.00413981030236336,0.0009170465859665671,9.17046585966567e-05,7.860399308284861e-05
8.0,3.0,0.0016544463244970858,0.04331641285956007,0.18909569467945103,0.5159240458732844,0.1592404587328445,0.018123707463808987,0.05865764241398759,0.012821959014852415,0.0001504042113179169,0.0008648242150780222,0.0001504042113179169
8.0,4.0,0.003372681281618887,0.6138279932546374,0.15177065767284992,0.025295109612141653,0.1433389544688027,0.03372681281618887,0.0016863406408094434,0.023608768971332208,0.003372681281618887,0.0,0.0
8.0,5.0,0.003348064818534887,0.23784652470871837,0.45654211865541716,0.02785589929021026,0.02276684076603723,0.22284719432168207,0.009508504084639078,0.014865407794294898,0.00415160037498326,0.00013392259274139549,0.00013392259274139549
8.0,6.0,0.0,0.12930135557872785,0.15641293013555788,0.3733055265901981,0.07716371220020855,0.0667361835245047,0.1710114702815433,0.021897810218978103,0.0,0.004171011470281543,0.0
8.0,7.0,0.0,0.6062992125984252,0.0984251968503937,0.015748031496062992,0.06299212598425197,0.13385826771653545,0.007874015748031496,0.07086614173228346,0.003937007874015748,0.0,0.0
8.0,8.0,0.019230769230769232,0.38461538461538464,0.23076923076923078,0.019230769230769232,0.0,0.28846153846153844,0.019230769230769232,0.019230769230769232,0.0,0.0,0.019230769230769232
8.0,9.0,0.0,0.0,0.0,0.3333333333333333,0.0,0.3333333333333333,0.0,0.0,0.0,0.3333333333333333,0.0
9.0,0.0,0.18867924528301888,0.16981132075471697,0.22641509433962265,0.16981132075471697,0.1320754716981132,0.07547169811320754,0.018867924528301886,0.0,0.0,0.018867924528301886,0.0
9.0,1.0,0.0015007503751875938,0.46623311655827915,0.2661330665332666,0.03876938469234617,0.07678839419709856,0.11605802901450725,0.011005502751375688,0.018384192096048024,0.0038769384692346172,0.0005002501250625312,0.0007503751875937969
9.0,2.0,0.0017181274900398406,0.1085906374501992,0.6098107569721115,0.05622509960159362,0.03217131474103586,0.1670816733067729,0.013969123505976096,0.007196215139442231,0.002963147410358566,0.0001245019920318725,0.000149402390438247
9.0,3.0,0.001447067783701447,0.037319116527037316,0.154988575780655,0.5067022086824067,0.10068545316070068,0.036252856054836254,0.13777608530083776,0.021934501142421934,0.0006092916984006092,0.0021325209444021326,0.0001523229246001523
9.0,4.0,0.003870967741935484,0.5806451612903226,0.1832258064516129,0.027096774193548386,0.1432258064516129,0.03483870967741935,0.003870967741935484,0.023225806451612905,0.0,0.0,0.0
9.0,5.0,0.0024873146950552183,0.1558053924982589,0.5148741418764302,0.0398965277086857,0.025669087652969855,0.23360859615958612,0.010745199482638544,0.011342155009451797,0.004875136802308228,0.0004974629390110437,0.00019898517560441747
9.0,6.0,0.001002004008016032,0.06412825651302605,0.15581162324649298,0.41733466933867736,0.07765531062124248,0.0686372745490982,0.18036072144288579,0.02905811623246493,0.000501002004008016,0.0045090180360721445,0.001002004008016032
9.0,7.0,0.0,0.6,0.11724137931034483,0.020689655172413793,0.0896551724137931,0.10344827586206896,0.0,0.06896551724137931,0.0,0.0,0.0
9.0,8.0,0.0,0.18421052631578946,0.35526315789473684,0.05263157894736842,0.039473684210526314,0.23684210526315788,0.039473684210526314,0.013157894736842105,0.07894736842105263,0.0,0.0
9.0,9.0,0.0,0.0,0.3076923076923077,0.38461538461538464,0.0,0.0,0.3076923076923077,0.0,0.0,0.0,0.0
9.0,10.0,0.0,0.0,0.0,0.0,0.0,1.0,0.0,0.0,0.0,0.0,0.0
10.0,0.0,0.1864406779661017,0.11864406779661017,0.1016949152542373,0.1016949152542373,0.11864406779661017,0.05084745762711865,0.06779661016949153,0.03389830508474576,0.0,0.0,0.22033898305084745
10.0,1.0,0.0010766194150367845,0.4335187511214786,0.24475148035169567,0.03660506011125067,0.07554279562174772,0.16113403911717208,0.014354925533823793,0.025838865960882827,0.0062802799210479095,0.00035887313834559486,0.0005383097075183922
10.0,2.0,0.0020385050962627408,0.09872188966186701,0.5593916841934962,0.05190098689532438,0.02996278919268727,0.22410613169390067,0.020158550396375992,0.00883352208380521,0.004141724640025886,0.00032357223750202233,0.00042064390875262903
10.0,3.0,0.0011572013530354282,0.03275769983977212,0.12497774612782624,0.48228591774968843,0.08118212568987004,0.046199038632722095,0.20126401993946946,0.024123197436353924,0.0011572013530354282,0.004450774434751646,0.0004450774434751647
10.0,4.0,0.004329004329004329,0.46320346320346323,0.25252525252525254,0.04329004329004329,0.1370851370851371,0.06782106782106782,0.007215007215007215,0.023088023088023088,0.001443001443001443,0.0,0.0
10.0,5.0,0.002095134631799488,0.1397532396989214,0.46907736478621864,0.03173740979281446,0.021184139054861488,0.2947932024520835,0.020330565686350586,0.014665942422596416,0.005354232947932024,0.00038798789477768295,0.0006207806316442927
10.0,6.0,0.001932367149758454,0.03768115942028986,0.13301127214170694,0.37745571658615135,0.06537842190016104,0.06151368760064412,0.2753623188405797,0.03864734299516908,0.001610305958132045,0.00676328502415459,0.0006441223832528181
10.0,7.0,0.0,0.5797872340425532,0.12234042553191489,0.005319148936170213,0.047872340425531915,0.14361702127659576,0.0,0.09042553191489362,0.010638297872340425,0.0,0.0
10.0,8.0,0.008771929824561403,0.11403508771929824,0.34210526315789475,0.017543859649122806,0.03508771929824561,0.40350877192982454,0.008771929824561403,0.008771929824561403,0.05263157894736842,0.008771929824561403,0.0
10.0,9.0,0.0,0.05,0.05,0.25,0.1,0.25,0.3,0.0,0.0,0.0,0.0
10.0,10.0,0.6666666666666666,0.3333333333333333,0.0,0.0,0.0,0.0,0.0,0.0,0.0,0.0,0.0
11.0,0.0,0.16216216216216217,0.02702702702702703,0.16216216216216217,0.16216216216216217,0.1891891891891892,0.0,0.10810810810810811,0.16216216216216217,0.0,0.0,0.02702702702702703
11.0,1.0,0.00266755585195065,0.38979659886628876,0.2644214738246082,0.04701567189063021,0.0853617872624208,0.15838612870956986,0.015005001667222408,0.027009003001000332,0.008002667555851951,0.001333777925975325,0.0010003334444814939
11.0,2.0,0.0017874269770686198,0.09338216060685325,0.5123812014996948,0.04416252506757346,0.026985787775743307,0.2745662219897114,0.028119278053884384,0.01059377452262621,0.006757345888917953,0.0009591071584270643,0.00030517045949952047
11.0,3.0,0.0012343139271754782,0.028080641843242132,0.10820818761571693,0.43355276692038675,0.06829870397037646,0.05194404443530138,0.2737091133511623,0.025920592470685046,0.0015428924089693479,0.006583007611602551,0.0009257354453816088
11.0,4.0,0.0038684719535783366,0.38684719535783363,0.2804642166344294,0.058027079303675046,0.1450676982591876,0.07930367504835589,0.005802707930367505,0.030947775628626693,0.007736943907156673,0.0,0.0019342359767891683
11.0,5.0,0.001076889941847943,0.09663292411515544,0.46421135759925336,0.035968124057721304,0.019384018953262975,0.32945652954268073,0.02771196783688707,0.013784191255653673,0.009763802139421351,0.0012922679302175318,0.0007179266278986287
11.0,6.0,0.0006473888649115235,0.026542943461372464,0.1063875701337937,0.3675010789814415,0.05610703495899871,0.07142857142857142,0.33059991368148467,0.030643072939145446,0.0015105740181268882,0.0073370738023306,0.001294777729823047
11.0,7.0,0.0,0.4315068493150685,0.19863013698630136,0.0,0.10273972602739725,0.1506849315068493,0.0136986301369863,0.0958904109589041,0.00684931506849315,0.0,0.0
11.0,8.0,0.004784688995215311,0.10526315789473684,0.3444976076555024,0.014354066985645933,0.014354066985645933,0.39712918660287083,0.009569377990430622,0.014354066985645933,0.0861244019138756,0.004784688995215311,0.004784688995215311
11.0,9.0,0.029411764705882353,0.029411764705882353,0.029411764705882353,0.17647058823529413,0.029411764705882353,0.14705882352941177,0.4117647058823529,0.08823529411764706,0.0,0.029411764705882353,0.029411764705882353
11.0,10.0,0.0,0.3333333333333333,0.0,0.3333333333333333,0.0,0.3333333333333333,0.0,0.0,0.0,0.0,0.0
12.0,0.0,0.2127659574468085,0.0851063829787234,0.0851063829787234,0.0851063829787234,0.0851063829787234,0.02127659574468085,0.0851063829787234,0.2127659574468085,0.0,0.10638297872340426,0.02127659574468085
12.0,1.0,0.0008079175924055746,0.5984649565744294,0.11916784487982225,0.020601898606342154,0.05453443748737629,0.10704908099373864,0.009695011108866896,0.08543728539688952,0.0034336497677236923,0.00020197939810139365,0.000605938194304181
12.0,2.0,0.0014280392400347697,0.08661368434123928,0.456289581522414,0.04600769899416367,0.033031168508630325,0.3180802185520924,0.03203774990686701,0.013659505774245623,0.010492983981125047,0.0018626598783062214,0.000496709300881659
12.0,3.0,0.0014790910313298372,0.02474115906951728,0.0954686029312895,0.3834879655775178,0.06144950921070324,0.05781901304289364,0.3315853166599435,0.03146430012101654,0.0016135538523598225,0.009681323114158934,0.0012101653892698668
12.0,4.0,0.0018975332068311196,0.4155597722960152,0.23908918406072105,0.05313092979127135,0.14800759013282733,0.07590132827324478,0.0056925996204933585,0.051233396584440226,0.0018975332068311196,0.003795066413662239,0.003795066413662239
12.0,5.0,0.001537082105802485,0.08421929038042782,0.4114256436531318,0.0320225438708851,0.01914948123478929,0.38567951838094017,0.03721019597796849,0.014538234917381836,0.011976431407711029,0.0016011271935442552,0.0006404508774177021
12.0,6.0,0.000731528895391368,0.015215801024140453,0.07710314557425019,0.3354791514264813,0.040526700804681785,0.07300658376005852,0.4092172640819312,0.0359912216532553,0.0026335040234089246,0.009217264081931235,0.0008778346744696416
12.0,7.0,0.001579778830963665,0.5734597156398105,0.07109004739336493,0.007898894154818325,0.08372827804107424,0.08214849921011058,0.011058451816745656,0.16587677725118483,0.0,0.0,0.00315955766192733
12.0,8.0,0.0035460992907801418,0.11347517730496454,0.35106382978723405,0.03900709219858156,0.01773049645390071,0.35106382978723405,0.028368794326241134,0.02127659574468085,0.06028368794326241,0.0070921985815602835,0.0070921985815602835
12.0,9.0,0.028169014084507043,0.056338028169014086,0.1267605633802817,0.19718309859154928,0.04225352112676056,0.09859154929577464,0.23943661971830985,0.07042253521126761,0.028169014084507043,0.09859154929577464,0.014084507042253521
12.0,10.0,0.0,0.5,0.25,0.0,0.0,0.0,0.0,0.25,0.0,0.0,0.0
13.0,0.0,0.3,0.05,0.2,0.1,0.15,0.0,0.05,0.1,0.0,0.05,0.0
13.0,1.0,0.0,0.6333333333333333,0.10603864734299517,0.01497584541062802,0.09468599033816426,0.07028985507246377,0.009178743961352657,0.06642512077294686,0.0036231884057971015,0.0007246376811594203,0.0007246376811594203
13.0,2.0,0.0025811209439528023,0.08388643067846607,0.4058812684365782,0.04627581120943953,0.034015486725663714,0.3607116519174041,0.0351216814159292,0.013550884955752213,0.015210176991150442,0.0018436578171091445,0.0009218289085545723
13.0,3.0,0.0006960153123368715,0.023316512963285192,0.08595789107360362,0.33687141117104574,0.06246737428223421,0.06264137811031843,0.37393422655298414,0.03636680006960153,0.004350095702105447,0.012354271793979467,0.0010440229685053071
13.0,4.0,0.0017123287671232876,0.5496575342465754,0.16267123287671234,0.02226027397260274,0.14897260273972604,0.05650684931506849,0.003424657534246575,0.053082191780821915,0.0017123287671232876,0.0,0.0
13.0,5.0,0.0010116337885685382,0.05690440060698027,0.36836115326251895,0.03490136570561457,0.017450682852807285,0.4421471927162367,0.04729387961557916,0.014542235710672737,0.01479514415781487,0.0018335862417804755,0.0007587253414264037
13.0,6.0,0.0009685751183814034,0.007748600947051227,0.060051657339647006,0.2769048643994834,0.03196297890658631,0.06554024967714163,0.49817046922083513,0.044231597072750754,0.0035514421007318124,0.0095781317262161,0.0012914334911752045
13.0,7.0,0.0,0.676056338028169,0.07042253521126761,0.0,0.09014084507042254,0.07042253521126761,0.0,0.08732394366197183,0.0,0.0,0.005633802816901409
13.0,8.0,0.0,0.07368421052631578,0.2894736842105263,0.03684210526315789,0.007894736842105263,0.46842105263157896,0.04473684210526316,0.010526315789473684,0.060526315789473685,0.005263157894736842,0.002631578947368421
13.0,9.0,0.0,0.044444444444444446,0.03333333333333333,0.2777777777777778,0.03333333333333333,0.05555555555555555,0.4,0.05555555555555555,0.011111111111111112,0.07777777777777778,0.011111111111111112
13.0,10.0,0.0,0.5,0.5,0.0,0.0,0.0,0.0,0.0,0.0,0.0,0.0
14.0,0.0,0.4111111111111111,0.1111111111111111,0.07222222222222222,0.027777777777777776,0.29444444444444445,0.0,0.05555555555555555,0.027777777777777776,0.0,0.0,0.0
14.0,1.0,0.0016894087069525667,0.6955815464587395,0.07076023391812865,0.01507472384665367,0.16666666666666666,0.023066926575698504,0.002664067576348278,0.022742040285899934,0.0010396361273554255,0.0001949317738791423,0.0005198180636777127
14.0,2.0,0.002039283031018568,0.08393259632929054,0.3707201889020071,0.09638295588708812,0.08994311473650317,0.2894708597187936,0.03262852849629709,0.01567028013309005,0.015884941504776217,0.0023612750885478157,0.0009659761725877428
14.0,3.0,0.0022701475595913734,0.02351224258148208,0.1042646343440895,0.35057564455975354,0.15242419328684936,0.042808496838008754,0.2735527809307605,0.036646667747689314,0.0014593805740230259,0.01021566401816118,0.0022701475595913734
14.0,4.0,0.009270965023177412,0.6249473240623683,0.08849557522123894,0.025284450063211124,0.20143278550358196,0.01685630004214075,0.001685630004214075,0.03034134007585335,0.0012642225031605564,0.0,0.00042140750105351877
14.0,5.0,0.0014834044131281292,0.04833426046109154,0.299091414796959,0.028308300883861798,0.013474256752580505,0.5122689906669139,0.056431176216082575,0.018109895543605908,0.020149576611657085,0.0021014895852648494,0.00024723406885468816
14.0,6.0,0.0012862287772251759,0.004373177842565598,0.04150231521179901,0.20948379351740695,0.02478134110787172,0.06722689075630252,0.585748585148345,0.04390327559595267,0.0021437146287086265,0.018607442977190875,0.0009432344366317955
14.0,7.0,0.0,0.5868421052631579,0.09736842105263158,0.010526315789473684,0.08421052631578947,0.12894736842105264,0.013157894736842105,0.07894736842105263,0.0,0.0,0.0
14.0,8.0,0.00411522633744856,0.051440329218107,0.25925925925925924,0.0205761316872428,0.0205761316872428,0.5,0.051440329218107,0.0205761316872428,0.053497942386831275,0.01440329218106996,0.00411522633744856
14.0,9.0,0.006060606060606061,0.0,0.11515151515151516,0.16363636363636364,0.012121212121212121,0.09090909090909091,0.4666666666666667,0.030303030303030304,0.012121212121212121,0.10303030303030303,0.0
14.0,10.0,0.0,0.5,0.0,0.0,0.5,0.0,0.0,0.0,0.0,0.0,0.0
15.0,0.0,0.425,0.075,0.0375,0.0125,0.125,0.0,0.025,0.0375,0.0,0.025,0.2375
15.0,1.0,0.0014058106841611997,0.5745079662605436,0.15932521087160262,0.031865042174320526,0.14995313964386128,0.04615745079662605,0.0049203373945641985,0.02999062792877226,0.0007029053420805998,0.00023430178069353328,0.0009372071227741331
15.0,2.0,0.0014282799428688023,0.14486839420526423,0.3015711079371557,0.0614160375433585,0.0614160375433585,0.33911446643542137,0.045296878188124876,0.01836359926545603,0.020608039175678432,0.004692919812283207,0.001224239951030402
15.0,3.0,0.0020759193357058124,0.028469750889679714,0.06613285883748517,0.28143534994068803,0.08837485172004746,0.051304863582443655,0.40480427046263345,0.0498220640569395,0.003262158956109134,0.020759193357058125,0.0035587188612099642
15.0,4.0,0.0019880715705765406,0.5298210735586482,0.16699801192842942,0.039761431411530816,0.1709741550695825,0.04572564612326044,0.007952286282306162,0.03578528827037773,0.0,0.0,0.0009940357852882703
15.0,5.0,0.001134165054373207,0.029354860230835948,0.23477216625525385,0.022883447861765296,0.012876109146707585,0.5806257922476483,0.06831676562812729,0.019080659150043366,0.027019814530655814,0.003335779571685903,0.0006004403229034626
15.0,6.0,0.0006177076183939602,0.0038435140700068633,0.024982841455044612,0.14811256005490733,0.020933424845573097,0.0668496911461908,0.6578586135895677,0.053054221002059025,0.002676733013040494,0.01956074124914207,0.0015099519560741249
15.0,7.0,0.0,0.47391304347826085,0.1608695652173913,0.021739130434782608,0.12173913043478261,0.14347826086956522,0.008695652173913044,0.06086956521739131,0.0,0.008695652173913044,0.0
15.0,8.0,0.00644122383252818,0.030595813204508857,0.214170692431562,0.014492753623188406,0.008051529790660225,0.5362318840579711,0.05314009661835749,0.02254428341384863,0.08856682769726248,0.024154589371980676,0.001610305958132045
15.0,9.0,0.0038022813688212928,0.0038022813688212928,0.04182509505703422,0.19771863117870722,0.019011406844106463,0.09505703422053231,0.4752851711026616,0.049429657794676805,0.019011406844106463,0.09125475285171103,0.0038022813688212928
15.0,10.0,0.35294117647058826,0.0,0.058823529411764705,0.0,0.0,0.11764705882352941,0.0,0.0,0.0,0.0,0.47058823529411764
16.0,0.0,0.19047619047619047,0.07936507936507936,0.14285714285714285,0.047619047619047616,0.20634920634920634,0.031746031746031744,0.20634920634920634,0.07936507936507936,0.0,0.015873015873015872,0.0
16.0,1.0,0.0024293956878226543,0.5010628606134224,0.19921044640145763,0.042514424536896446,0.14940783480109324,0.06741573033707865,0.005466140297600972,0.02915274825387185,0.0015183723048891589,0.0003036744609778318,0.0015183723048891589
16.0,2.0,0.0025101976780671476,0.20991528082836525,0.28553498588013804,0.048635080012550985,0.0963288358958268,0.26137433322874176,0.0385942893002824,0.0335738939441481,0.02008158142453718,0.0028239723878255413,0.0006275494195167869
16.0,3.0,0.0015174506828528073,0.06423874557410217,0.06423874557410217,0.25392008093070306,0.10520991401112798,0.057663125948406675,0.3636823469903895,0.05108750632271118,0.0025290844714213456,0.032878098128477494,0.0030349013657056147
16.0,4.0,0.004654771140418929,0.4716834755624515,0.21024049650892165,0.04965089216446858,0.18386346004654772,0.0395655546935609,0.009309542280837859,0.027928626842513578,0.0023273855702094647,0.0,0.0007757951900698216
16.0,5.0,0.0016151361329026304,0.01868943239501615,0.10236886632825719,0.009998461775111522,0.006460544531610522,0.7443085679126288,0.07233502538071065,0.015574526995846792,0.025111521304414706,0.003076449776957391,0.00046146746654360867
16.0,6.0,0.000660114419832771,0.0012224341108014278,0.007701334898048995,0.05063322086939514,0.007261258618160481,0.0484572881521686,0.8010121754437436,0.05139113001809203,0.0017114077551219989,0.027798151679624468,0.002151484035010513
16.0,7.0,0.0,0.4241379310344828,0.13793103448275862,0.006896551724137931,0.07241379310344828,0.20344827586206896,0.027586206896551724,0.11379310344827587,0.006896551724137931,0.0,0.006896551724137931
16.0,8.0,0.002285714285714286,0.014857142857142857,0.1462857142857143,0.014857142857142857,0.009142857142857144,0.5862857142857143,0.07885714285714286,0.024,0.10285714285714286,0.013714285714285714,0.006857142857142857
16.0,9.0,0.0,0.004316546762589928,0.02877697841726619,0.060431654676258995,0.0057553956834532375,0.05755395683453238,0.6661870503597123,0.03741007194244604,0.007194244604316547,0.11942446043165468,0.012949640287769784
16.0,10.0,0.0,0.0,0.14285714285714285,0.14285714285714285,0.14285714285714285,0.14285714285714285,0.0,0.2857142857142857,0.14285714285714285,0.0,0.0
17.0,0.0,0.16981132075471697,0.09433962264150944,0.07547169811320754,0.1509433962264151,0.18867924528301888,0.03773584905660377,0.03773584905660377,0.1320754716981132,0.018867924528301886,0.0,0.09433962264150944
17.0,1.0,0.0009666505558240696,0.39391010149830835,0.2542290961817303,0.061865635572740454,0.16626389560173996,0.07926534557757371,0.008216529724504592,0.029482841952634124,0.0028999516674722086,0.0004833252779120348,0.002416626389560174
17.0,2.0,0.0019297568506368198,0.28135854882284833,0.2960247008876882,0.06445387881126978,0.13315322269394056,0.1466615206483983,0.023543033577769202,0.02933230412967966,0.016981860285604014,0.005403319181783096,0.0011578541103820917
17.0,3.0,0.005551700208188758,0.1457321304649549,0.10131852879944483,0.24149895905621097,0.16863289382373353,0.031922276197085354,0.21512838306731435,0.04996530187369882,0.004163775156141568,0.03261623872310895,0.0034698126301179735
17.0,4.0,0.0047169811320754715,0.34827044025157233,0.24371069182389937,0.09669811320754718,0.20676100628930819,0.050314465408805034,0.0110062893081761,0.03459119496855346,0.0031446540880503146,0.0,0.0007861635220125787
17.0,5.0,0.0013170892327955218,0.04115903852486006,0.12644056634837011,0.018768521567336188,0.0159697069476457,0.6084952255515311,0.06453737240698057,0.022884425419822194,0.08659861705630556,0.012183075403358577,0.0016463615409944023
17.0,6.0,0.0006345177664974619,0.004124365482233503,0.02950507614213198,0.14213197969543148,0.027918781725888325,0.09200507614213198,0.5453680203045685,0.04631979695431472,0.015228426395939087,0.0901015228426396,0.00666243654822335
17.0,7.0,0.004032258064516129,0.3629032258064516,0.15725806451612903,0.028225806451612902,0.11290322580645161,0.1774193548387097,0.03225806451612903,0.11693548387096774,0.004032258064516129,0.004032258064516129,0.0
17.0,8.0,0.0,0.006769825918762089,0.11121856866537717,0.014506769825918761,0.008704061895551257,0.6025145067698259,0.06479690522243714,0.020309477756286266,0.1518375241779497,0.017408123791102514,0.0019342359767891683
17.0,9.0,0.0049504950495049506,0.009900990099009901,0.03712871287128713,0.11138613861386139,0.019801980198019802,0.1188118811881188,0.4603960396039604,0.039603960396039604,0.024752475247524754,0.15594059405940594,0.017326732673267328
17.0,10.0,0.0,0.0,0.0,0.0,0.0,0.5,0.0,0.5,0.0,0.0,0.0
18.0,0.0,0.2,0.046153846153846156,0.046153846153846156,0.03076923076923077,0.12307692307692308,0.015384615384615385,0.1076923076923077,0.35384615384615387,0.0,0.06153846153846154,0.015384615384615385
18.0,1.0,0.0016420361247947454,0.47372742200328405,0.15558292282430214,0.031198686371100164,0.11986863711001643,0.09400656814449918,0.0069786535303776685,0.11083743842364532,0.004105090311986864,0.0,0.002052545155993432
18.0,2.0,0.0016207455429497568,0.25810372771474877,0.32212317666126417,0.06118314424635332,0.14910858995137763,0.136547811993517,0.018233387358184763,0.03646677471636953,0.011750405186385737,0.0024311183144246355,0.0024311183144246355
18.0,3.0,0.004428044280442804,0.12693726937269373,0.13062730627306274,0.24649446494464944,0.18302583025830257,0.03690036900369004,0.18007380073800738,0.05387453874538745,0.005904059040590406,0.02952029520295203,0.002214022140221402
18.0,4.0,0.004514672686230248,0.30699774266365687,0.2528216704288939,0.08013544018058691,0.2020316027088036,0.08916478555304741,0.016930022573363433,0.046275395033860044,0.0,0.001128668171557562,0.0
18.0,5.0,0.0007053844345168116,0.05525511403715025,0.11450740653656243,0.017399482718081356,0.026804608511638843,0.5596049847166706,0.07124382788619797,0.028450505525511403,0.10463202445332706,0.01857512344227604,0.0028215377380672465
18.0,6.0,0.001110886689557665,0.002322763078166027,0.009695011108866896,0.047263179155726115,0.00919006261361341,0.04423348818420521,0.6997576247222783,0.05615027267218744,0.0063623510401939,0.11421934962633812,0.009695011108866896
18.0,7.0,0.002894356005788712,0.4761215629522431,0.07380607814761216,0.017366136034732273,0.09406657018813314,0.10564399421128799,0.02604920405209841,0.19681620839363242,0.002894356005788712,0.0,0.004341534008683068
18.0,8.0,0.003925417075564278,0.011776251226692836,0.0647693817468106,0.009813542688910697,0.001962708537782139,0.5799803729146222,0.07850834151128558,0.016683022571148183,0.19921491658488713,0.02649656526005888,0.0068694798822374874
18.0,9.0,0.0015174506828528073,0.0,0.005311077389984826,0.032625189681335355,0.006828528072837633,0.05311077389984825,0.622154779969651,0.05386949924127466,0.01669195751138088,0.19499241274658574,0.012898330804248861
18.0,10.0,0.0,0.0,0.2222222222222222,0.0,0.3333333333333333,0.2222222222222222,0.0,0.0,0.0,0.1111111111111111,0.1111111111111111
19.0,0.0,0.19444444444444445,0.05555555555555555,0.1111111111111111,0.19444444444444445,0.19444444444444445,0.027777777777777776,0.027777777777777776,0.08333333333333333,0.0,0.027777777777777776,0.08333333333333333
19.0,1.0,0.0,0.5025785278949836,0.12048757618377871,0.03984997655883732,0.14533520862634786,0.06985466479137366,0.005625879043600563,0.11157993436474449,0.0028129395218002813,0.00046882325363338024,0.0014064697609001407
19.0,2.0,0.0017059024223814397,0.20539065165472534,0.37154554759467756,0.09723643807574207,0.16410781303309452,0.10269532582736267,0.013988399863527807,0.033776867963152504,0.006141248720573183,0.0030706243602865915,0.000341180484476288
19.0,3.0,0.005695301376364499,0.09634551495016612,0.1551969625059326,0.2928334124347413,0.24774560987185573,0.023255813953488372,0.11485524442335074,0.04935927859515899,0.0009492168960607499,0.012339819648789748,0.0014238253440911248
19.0,4.0,0.002,0.357,0.227,0.072,0.173,0.083,0.015,0.066,0.001,0.0,0.004
19.0,5.0,0.00038255547054322876,0.07000765110941086,0.14575363427697016,0.021040550879877582,0.03404743687834736,0.46442234123947973,0.06885998469778118,0.03557765876052028,0.12853863810252486,0.026778882938026015,0.0045906656465187455
19.0,6.0,0.0008302200083022001,0.013283520132835201,0.033208800332088007,0.1224574512245745,0.044001660440016604,0.06973848069738481,0.48609381486093817,0.08302200083022,0.016604400166044003,0.11913657119136571,0.011623080116230802
19.0,7.0,0.0,0.46942800788954636,0.09664694280078895,0.023668639053254437,0.09270216962524655,0.1203155818540434,0.02564102564102564,0.15976331360946747,0.007889546351084813,0.0,0.0039447731755424065
19.0,8.0,0.001076426264800861,0.00968783638320775,0.05382131324004306,0.005382131324004306,0.0032292787944025836,0.5446716899892358,0.05705059203444564,0.010764262648008612,0.2723358449946179,0.038751345532831,0.0032292787944025836
19.0,9.0,0.005763688760806916,0.005763688760806916,0.020172910662824207,0.04899135446685879,0.002881844380403458,0.10951008645533142,0.48703170028818443,0.05763688760806916,0.040345821325648415,0.19596541786743515,0.025936599423631124
19.0,10.0,0.0,0.18181818181818182,0.18181818181818182,0.18181818181818182,0.2727272727272727,0.09090909090909091,0.0,0.09090909090909091,0.0,0.0,0.0
20.0,0.0,0.3888888888888889,0.044444444444444446,0.022222222222222223,0.022222222222222223,0.07777777777777778,0.011111111111111112,0.07777777777777778,0.05555555555555555,0.0,0.06666666666666667,0.23333333333333334
20.0,1.0,0.000777302759424796,0.5518849591916052,0.10066070734551108,0.02098717450446949,0.16012436844150796,0.06451612903225806,0.0058297706956859695,0.09094442285270113,0.00194325689856199,0.0,0.002331908278274388
20.0,2.0,0.0022251891410769915,0.11081441922563418,0.40431686693368935,0.1593235425011126,0.20471740097908322,0.06987093902981753,0.019581664441477527,0.024477080551846907,0.0033377837116154874,0.0006675567423230974,0.0006675567423230974
20.0,3.0,0.0028696826468602296,0.03291694800810263,0.16677920324105333,0.36850101282916947,0.3173531397704254,0.017724510465901417,0.05958811613774477,0.02987846049966239,0.0005064145847400405,0.003038487508440243,0.0008440243079000675
20.0,4.0,0.0007209805335255948,0.35328046142754144,0.17519826964671953,0.09444844989185291,0.220620043258832,0.06777217015140591,0.015861571737563085,0.06633020908435472,0.005046863734679163,0.0007209805335255948,0.0
20.0,5.0,0.001771479185119575,0.09078830823737821,0.1563330380868025,0.034100974313551816,0.043401240035429584,0.38441098317094774,0.08193091231178033,0.0566873339238264,0.11603188662533215,0.0283436669619132,0.006200177147918512
